epoch	loss	acc	val_loss	val_acc
0	1.2977739731470743	0.35208332538604736	12.542963409423828	0.3333333432674408
1	1.2830292463302613	0.3499999940395355	4.772725200653076	0.3333333432674408
2	1.1035115758577982	0.4437499940395355	1.2308260838190714	0.4166666567325592
3	1.0209217111269633	0.48124998807907104	1.5135775009791057	0.24166665971279144
4	0.98530988295873	0.48750001192092896	1.1087566375732423	0.44999998807907104
5	0.9547521829605102	0.5229166746139526	1.754514757792155	0.24166665971279144
6	0.9521495660146078	0.4937500059604645	0.9614806850751241	0.5083333253860474
7	0.9143476486206055	0.5291666388511658	1.1490895350774128	0.3083333373069763
8	0.9067437926928202	0.5291666388511658	1.256698203086853	0.24166665971279144
9	0.9227066198984782	0.5541666746139526	1.159223453203837	0.46666666865348816
10	0.9069273869196574	0.53125	1.1341213782628377	0.32499998807907104
11	0.8630480408668518	0.5583333373069763	1.3010647694269817	0.24166665971279144
12	0.8864099780718485	0.5541666746139526	1.2097841262817384	0.24166665971279144
13	0.8434513767560323	0.5833333134651184	1.091887633005778	0.3083333373069763
14	0.8419120073318481	0.5583333373069763	1.2430451472600301	0.25
15	0.8675830682118734	0.5916666388511658	2.589638916651408	0.5916666388511658
16	0.8522522250811259	0.6145833134651184	1.3500190496444702	0.5916666388511658
17	0.8024938821792602	0.6187499761581421	1.4144195159276327	0.4749999940395355
18	0.7792487184206645	0.6145833134651184	1.0722890337308248	0.5083333253860474
19	0.7779443780581157	0.6333333253860474	1.111915107568105	0.4583333432674408
20	0.7265472869078319	0.6604166626930237	1.1098371108373006	0.46666666865348816
21	0.6963652531305949	0.6812499761581421	0.9383216023445129	0.5
22	0.6986555536588033	0.675000011920929	1.0396190961201985	0.5166666507720947
23	0.6639100670814514	0.71875	0.9215075214703877	0.574999988079071
24	0.6214221954345703	0.7458333373069763	0.9251491109530131	0.49166667461395264
25	0.6402306993802388	0.7124999761581421	1.0828649640083312	0.42500001192092896
26	0.597629592816035	0.7250000238418579	0.8737740000089009	0.5583333373069763
27	0.5567893465360005	0.7645833492279053	1.0430464585622152	0.4416666626930237
28	0.5967432081699371	0.7250000238418579	0.8034780343373616	0.625
29	0.538414845863978	0.78125	0.9080052534739177	0.5333333611488342
30	0.53197354276975	0.7666666507720947	0.9622518380482992	0.5083333253860474
31	0.48544176618258156	0.8020833134651184	1.059196372826894	0.4583333432674408
32	0.4763260980447133	0.7895833253860474	1.1684123277664185	0.3499999940395355
33	0.43588160077730814	0.8291666507720947	0.9722962021827698	0.5083333253860474
34	0.43238142132759094	0.8416666388511658	0.8877433260281881	0.5833333134651184
35	0.4267423649628957	0.8291666507720947	0.6446890076001485	0.75
36	0.40886469880739845	0.8229166865348816	1.0119921247164407	0.4416666626930237
37	0.4167203942934672	0.8333333134651184	0.9242012063662212	0.5249999761581421
38	0.3839829623699188	0.8229166865348816	1.0117801388104757	0.5333333611488342
39	0.3678378085295359	0.8395833373069763	0.8633250753084819	0.5416666865348816
40	0.38138251900672915	0.8395833373069763	0.8562552054723104	0.574999988079071
41	0.42288252313931785	0.8166666626930237	0.6975156466166178	0.7083333134651184
42	0.3587883194287618	0.8520833253860474	0.5623955070972443	0.7916666865348816
43	0.33429489433765414	0.8687499761581421	0.6522302687168121	0.7166666388511658
44	0.3314715981483459	0.8458333611488342	0.7349138975143432	0.6583333611488342
45	0.31227783064047493	0.8500000238418579	0.6822705248991648	0.7166666388511658
46	0.3009381989638011	0.8645833134651184	0.7160759965578715	0.675000011920929
47	0.2825183063745499	0.875	0.8029731472333272	0.6000000238418579
48	0.3130373746156693	0.8395833373069763	0.925846004486084	0.6000000238418579
49	0.2876853923002879	0.8687499761581421	0.6373678048451742	0.75
50	0.2469800646106402	0.9104166626930237	0.7811080972353618	0.6416666507720947
51	0.3118752082188924	0.8479166626930237	0.720259032646815	0.699999988079071
52	0.30546135604381563	0.8583333492279053	0.6757033050060273	0.699999988079071
53	0.2785996506611506	0.8645833134651184	0.7269207795461019	0.675000011920929
54	0.26636413981517154	0.8666666746139526	0.5991221368312836	0.7250000238418579
55	0.2895497173070908	0.8604166507720947	1.4539037307103475	0.625
56	0.476688826084137	0.7833333611488342	1.0694831212361653	0.6833333373069763
57	0.3881657878557841	0.824999988079071	0.6474741280078888	0.7416666746139526
58	0.36684443553288776	0.8229166865348816	0.6306098759174347	0.7666666507720947
59	0.2932398647069931	0.8583333492279053	0.601543269554774	0.7833333611488342
60	0.3336576650540034	0.8458333611488342	0.6432048877080282	0.7250000238418579
61	0.2516636927922567	0.8666666746139526	0.6780292332172394	0.7250000238418579
62	0.2571662406126658	0.887499988079071	0.6174559752146404	0.7250000238418579
63	0.2558453361193339	0.8604166507720947	0.655350786447525	0.7083333134651184
64	0.21725612978140513	0.90625	0.7836156209309896	0.6499999761581421
65	0.24079810976982116	0.8833333253860474	0.6511400222778321	0.7250000238418579
66	0.2365487923224767	0.8708333373069763	0.592351891597112	0.7583333253860474
67	0.2243171433607737	0.8708333373069763	0.6424309094746907	0.7250000238418579
68	0.25716101825237275	0.8500000238418579	0.6888439993063609	0.7416666746139526
69	0.2626912981271744	0.8604166507720947	0.6154392103354136	0.7333333492279053
70	0.23465703974167507	0.8645833134651184	0.514380943775177	0.8083333373069763
71	0.23783144652843474	0.8666666746139526	0.5815539360046387	0.75
72	0.23387012978394825	0.8708333373069763	0.5507966677347819	0.7749999761581421
73	0.21876095235347748	0.8958333134651184	0.6462930301825206	0.7333333492279053
74	0.21435442765553792	0.887499988079071	0.6824729124704997	0.7333333492279053
75	0.21684963007767996	0.875	0.5239185829957326	0.7666666507720947
76	0.2383348435163498	0.8541666865348816	0.6432515541712444	0.7083333134651184
77	0.2247678945461909	0.8729166388511658	0.621693366765976	0.7749999761581421
78	0.19425168683131536	0.887499988079071	0.5807885507742564	0.7916666865348816
79	0.1984577089548111	0.8895833492279053	0.5786289989948272	0.7833333611488342
80	0.22834990918636322	0.8687499761581421	0.4822901169459025	0.8333333134651184
81	0.19530246009429295	0.8916666507720947	0.5443626542886099	0.7583333253860474
82	0.19091451664765677	0.9020833373069763	0.5742372651894887	0.7416666746139526
83	0.23037002384662628	0.8604166507720947	0.5550289571285247	0.75
84	0.22975444545348486	0.8666666746139526	0.5563142279783885	0.7666666507720947
85	0.22587880194187165	0.8645833134651184	0.6382634778817494	0.7333333492279053
86	0.23075802326202394	0.862500011920929	0.5793871859709422	0.7749999761581421
87	0.20534606526295343	0.8895833492279053	0.5125769933064779	0.7749999761581421
88	0.23981292247772218	0.856249988079071	0.6991112371285756	0.7250000238418579
89	0.2222637156645457	0.8770833611488342	0.6234021504720052	0.7749999761581421
90	0.23851732114950816	0.8583333492279053	0.546283225218455	0.800000011920929
91	0.20731626699368158	0.8854166865348816	0.6964556336402893	0.7333333492279053
92	0.22309865653514863	0.8729166388511658	0.5485654731591543	0.7749999761581421
93	0.21851565738519033	0.8791666626930237	0.5470309237639109	0.7666666507720947
94	0.1792628598709901	0.90625	0.8016058107217153	0.699999988079071
95	0.21775643130143482	0.8770833611488342	0.5217862685521444	0.8166666626930237
96	0.2256384899218877	0.8645833134651184	0.6610001444816589	0.7749999761581421
97	0.19735454271237055	0.8916666507720947	0.4974015235900879	0.824999988079071
98	0.24105770687262218	0.8708333373069763	0.5600248912970225	0.8083333373069763
99	0.180542229115963	0.90625	0.5272008001804351	0.8166666626930237
100	0.21509463489055633	0.8833333253860474	0.587647024790446	0.7666666507720947
101	0.19741818209489187	0.8895833492279053	0.5337905277808507	0.824999988079071
102	0.20332487126191456	0.893750011920929	0.6490747382243475	0.7749999761581421
103	0.22212587296962738	0.8791666626930237	0.7637254377206166	0.699999988079071
104	0.24070198933283488	0.875	0.6756207784016927	0.7250000238418579
105	0.22446816960970561	0.887499988079071	0.6381905794143676	0.7333333492279053
106	0.23200746476650239	0.887499988079071	0.8469363888104756	0.699999988079071
107	0.28354207177956897	0.8520833253860474	4.262846024831136	0.4749999940395355
108	0.42472964028517407	0.8166666626930237	1.1396784981091816	0.7083333134651184
109	0.35487072467803954	0.8541666865348816	0.7611521681149801	0.7666666507720947
110	0.3003778596719106	0.8270833492279053	0.5972786704699199	0.8166666626930237
111	0.24397033949693045	0.8666666746139526	0.5968155920505523	0.8083333373069763
112	0.25945672194163005	0.8604166507720947	0.6390628655751546	0.7666666507720947
113	0.23833162089188895	0.8604166507720947	0.6298765500386556	0.7916666865348816
114	0.2154921958843867	0.8729166388511658	0.681948055823644	0.7416666746139526
115	0.21408945620059966	0.875	0.5918923676013946	0.8083333373069763
116	0.20563036650419236	0.90625	0.5543430229028066	0.7833333611488342
117	0.2032531087597211	0.8791666626930237	0.608760674794515	0.7583333253860474
118	0.19248047570387522	0.8958333134651184	0.5211475213368734	0.8083333373069763
119	0.19942657351493837	0.8958333134651184	0.554757974545161	0.7583333253860474
120	0.20994035104910533	0.8708333373069763	0.5690448383490244	0.7833333611488342
121	0.19121632973353067	0.8958333134651184	0.5364512781302134	0.7666666507720947
122	0.21566130419572194	0.8916666507720947	0.5496731003125509	0.7833333611488342
123	0.2050371398528417	0.8895833492279053	0.5266480147838593	0.7749999761581421
124	0.1734246090054512	0.9083333611488342	0.5339608172575633	0.7916666865348816
125	0.15172383487224578	0.90625	0.4793348471323649	0.8500000238418579
126	0.19248181084791818	0.8958333134651184	0.49589292109012606	0.8333333134651184
127	0.19547320504983265	0.8854166865348816	0.5680345455805461	0.7916666865348816
128	0.20253322074810665	0.8958333134651184	0.5572572390238444	0.7749999761581421
129	0.2002057651678721	0.8791666626930237	0.5971755842367809	0.7583333253860474
130	0.18089045981566113	0.8895833492279053	0.6124237676461538	0.7166666388511658
131	0.1977385054032008	0.8979166746139526	0.6304835617542267	0.7583333253860474
132	0.20849625617265702	0.8833333253860474	0.52175199786822	0.8416666388511658
133	0.18487754836678505	0.8916666507720947	0.49117515881856283	0.8083333373069763
134	0.18286302735408147	0.8854166865348816	0.5372365494569142	0.8166666626930237
135	0.22708817621072133	0.875	0.481987605492274	0.8083333373069763
136	0.1796218420068423	0.8999999761581421	0.5545826017856598	0.7916666865348816
137	0.21045284072558085	0.8895833492279053	0.6437737325827281	0.7583333253860474
138	0.18235893050829569	0.8916666507720947	0.48479826052983604	0.8166666626930237
139	0.19033300429582595	0.8958333134651184	0.5598078191280365	0.7666666507720947
140	0.1982609654466311	0.8916666507720947	0.5249363978703817	0.7916666865348816
141	0.21310103833675384	0.8854166865348816	0.565474396944046	0.7916666865348816
142	0.1806615228454272	0.8999999761581421	0.6111393590768178	0.7833333611488342
143	0.17364346285661061	0.9145833253860474	0.6169832567373912	0.7583333253860474
144	0.1894014780720075	0.9041666388511658	0.677646674712499	0.7583333253860474
145	0.19012571076552073	0.8916666507720947	0.5376123189926147	0.8083333373069763
146	0.1830459440747897	0.8770833611488342	0.5712160209814707	0.8083333373069763
147	0.17409798999627432	0.8979166746139526	0.5920535345872243	0.7833333611488342
148	0.1521301083266735	0.925000011920929	0.5206040998299917	0.8083333373069763
149	0.21760020802418392	0.8708333373069763	0.6074618697166443	0.7749999761581421
150	0.18831914017597834	0.8770833611488342	0.7035616079966227	0.800000011920929
151	0.1997150684396426	0.9083333611488342	0.5478801349798839	0.7749999761581421
152	0.1922424018383026	0.893750011920929	0.5515651305516561	0.7583333253860474
153	0.16530726353327432	0.9145833253860474	0.503817414244016	0.8416666388511658
154	0.18244938651720682	0.8999999761581421	0.48928110698858895	0.8500000238418579
155	0.1702848494052887	0.918749988079071	0.5128184775511424	0.8333333134651184
156	0.16497527261575062	0.9083333611488342	0.614847884575526	0.7666666507720947
157	0.1544299935301145	0.9104166626930237	0.5566167175769806	0.7916666865348816
158	0.22196253488461176	0.8687499761581421	0.4995280832052231	0.8333333134651184
159	0.19225356131792068	0.8958333134651184	0.5313039571046829	0.7916666865348816
160	0.1933141306042671	0.8895833492279053	0.6059879004955292	0.75
161	0.20472146272659303	0.856249988079071	0.6211405297120413	0.7749999761581421
162	0.16741771399974822	0.9229166507720947	0.6197034537792205	0.75
163	0.18992364903291067	0.8729166388511658	0.5972075402736664	0.7749999761581421
164	0.19315330386161805	0.8979166746139526	0.6097645938396454	0.7666666507720947
165	0.20064964095751445	0.8645833134651184	0.7633716901143391	0.7666666507720947
166	0.1717829167842865	0.8999999761581421	0.8543771704037985	0.699999988079071
167	0.18563415929675103	0.893750011920929	0.6181912839412689	0.7749999761581421
168	0.19737514456113178	0.9020833373069763	0.6625537951787313	0.75
169	0.1907210648059845	0.8833333253860474	0.6001132766405741	0.800000011920929
170	0.18688357919454573	0.893750011920929	0.7283131162325541	0.7833333611488342
171	0.17415119633078574	0.8979166746139526	0.5459154268105825	0.800000011920929
172	0.20935742954413097	0.8812500238418579	0.5190174361069997	0.8083333373069763
173	0.18238200545310973	0.9020833373069763	0.5246242841084798	0.8083333373069763
174	0.19829361289739608	0.8812500238418579	0.6557612339655559	0.7749999761581421
175	0.19106852610905964	0.887499988079071	0.7224520067373912	0.7749999761581421
176	0.19153287957111995	0.9020833373069763	0.8479072729746501	0.7416666746139526
177	0.2277677019437154	0.8520833253860474	0.5696868966023128	0.8083333373069763
178	0.19028213769197463	0.8833333253860474	0.8525953769683838	0.7666666507720947
179	0.20187262694040933	0.8812500238418579	0.7349123696486155	0.7916666865348816
180	0.18216799944639206	0.893750011920929	0.834208506345749	0.7333333492279053
181	0.16680955290794372	0.9104166626930237	0.6029339303572973	0.800000011920929
182	0.1783270274599393	0.8999999761581421	0.6657312055428822	0.7416666746139526
183	0.17381290967265764	0.8958333134651184	0.73635000983874	0.7833333611488342
184	0.22747256656487783	0.8541666865348816	0.5713128377993901	0.8166666626930237
185	0.1905729075272878	0.8979166746139526	0.7679563224315643	0.7416666746139526
186	0.18092158287763596	0.893750011920929	0.7092969417572021	0.7583333253860474
187	0.16586294422547024	0.9125000238418579	0.5705540031194687	0.8083333373069763
188	0.19805453370014828	0.8999999761581421	0.5637978384892146	0.8416666388511658
189	0.180884850025177	0.893750011920929	0.6095933059851328	0.7583333253860474
190	0.17064803491036099	0.8999999761581421	0.6520045419534047	0.7833333611488342
191	0.1775409976641337	0.90625	0.8239093820254008	0.7416666746139526
192	0.20410970548788707	0.8854166865348816	0.8150141716003418	0.7916666865348816
193	0.1976683869957924	0.8895833492279053	0.5401453266541163	0.8166666626930237
194	0.18808216899633406	0.8916666507720947	0.6943595329920451	0.800000011920929
195	0.20287693788607916	0.875	0.5976067026456197	0.800000011920929
196	0.190634373575449	0.8895833492279053	0.5261474271615346	0.8416666388511658
197	0.19173866510391235	0.8958333134651184	0.5663506507873535	0.824999988079071
198	0.19242364267508189	0.8979166746139526	0.6459124604860942	0.7833333611488342
199	0.17705946490168573	0.893750011920929	0.5813607196013133	0.8333333134651184
200	0.16406290580828983	0.9041666388511658	0.6311060746510824	0.7583333253860474
201	0.17541169822216035	0.8999999761581421	0.4526403546333313	0.8333333134651184
202	0.18204254855712254	0.8854166865348816	0.5086701472600301	0.8500000238418579
203	0.18527416984240214	0.9083333611488342	0.6154718935489655	0.8083333373069763
204	0.17681257277727128	0.8958333134651184	0.5451813181241353	0.8416666388511658
205	0.16549961989124615	0.8979166746139526	0.47903297742207845	0.8583333492279053
206	0.18236166338125864	0.9020833373069763	0.572927114367485	0.7833333611488342
207	0.19584098507960637	0.9041666388511658	0.6092642803986867	0.7749999761581421
208	0.2061250721414884	0.8791666626930237	0.5393933286269506	0.8083333373069763
209	0.20245184401671093	0.887499988079071	0.5970266242822011	0.7916666865348816
210	0.1845007248222828	0.9104166626930237	0.5593892256418864	0.824999988079071
211	0.1954711322983106	0.8812500238418579	0.684334953625997	0.7833333611488342
212	0.19381040533383687	0.8958333134651184	0.6801556984583537	0.8166666626930237
213	0.17296975950400034	0.90625	0.6131949603557587	0.800000011920929
214	0.19949309279521307	0.887499988079071	0.7840532938639323	0.7166666388511658
215	0.1933640792965889	0.8958333134651184	0.7075357377529145	0.75
216	0.23357055336236954	0.8541666865348816	1.0230544249216715	0.699999988079071
217	0.23226668188969293	0.8916666507720947	0.6964741388956706	0.7583333253860474
218	0.31301254431406655	0.8500000238418579	1.7194758812586466	0.6833333373069763
219	0.2765477915604909	0.875	1.1032468835512796	0.6833333373069763
220	0.3757194340229034	0.8520833253860474	1.5836700280507405	0.7250000238418579
221	0.37074656287829083	0.824999988079071	1.5295416037241618	0.6166666746139526
222	0.37361990809440615	0.8458333611488342	1.693209449450175	0.6666666865348816
223	0.30043506423632305	0.8645833134651184	0.8682117462158203	0.7583333253860474
224	0.24775903820991516	0.8770833611488342	0.8785268942515055	0.7749999761581421
225	0.23366870830456415	0.862500011920929	0.8868955910205841	0.75
226	0.22229943970839183	0.8958333134651184	0.7899016539255778	0.7166666388511658
227	0.18873465011517207	0.887499988079071	0.7870429873466491	0.7250000238418579
228	0.1830225517352422	0.8999999761581421	0.7098541975021362	0.7583333253860474
229	0.1999282936255137	0.887499988079071	0.7854437669118245	0.7416666746139526
230	0.20807208120822906	0.8708333373069763	0.6026354134082794	0.8083333373069763
231	0.17890822192033132	0.8979166746139526	0.5330063273509343	0.824999988079071
232	0.18237485736608505	0.8854166865348816	0.5482810139656067	0.8083333373069763
233	0.16937981297572455	0.9208333492279053	0.6645460466543833	0.7749999761581421
234	0.1459204611678918	0.9229166507720947	0.5677547653516134	0.8083333373069763
235	0.21807028204202653	0.8645833134651184	0.5765023266275724	0.8166666626930237
236	0.1782606730858485	0.8895833492279053	0.5342538173000018	0.824999988079071
237	0.1923767442504565	0.887499988079071	0.6646332263946533	0.7749999761581421
238	0.17323505133390427	0.8916666507720947	0.6024270872275035	0.7833333611488342
239	0.2175019418199857	0.8729166388511658	0.7203514814376831	0.7749999761581421
240	0.19951755205790203	0.887499988079071	0.5348950147628784	0.824999988079071
241	0.1951368619998296	0.8833333253860474	0.6656339824199676	0.7833333611488342
242	0.19353438218434652	0.875	0.6440957129001618	0.7833333611488342
243	0.20535339415073395	0.8791666626930237	0.7072217444578807	0.7749999761581421
244	0.18115309985975425	0.8854166865348816	0.5890585800011953	0.800000011920929
245	0.18689635743697483	0.8999999761581421	0.5436200936635335	0.824999988079071
246	0.17001843204100928	0.9041666388511658	0.5230768899122874	0.824999988079071
247	0.19064581294854482	0.8916666507720947	0.5360712548096974	0.824999988079071
248	0.20815143038829167	0.8770833611488342	0.5173713395992915	0.8333333134651184
249	0.169874669611454	0.9041666388511658	0.5462015450000763	0.8500000238418579
250	0.17327173898617426	0.9104166626930237	0.5241865982611974	0.8333333134651184
251	0.17056900709867479	0.8999999761581421	0.668945864836375	0.7833333611488342
252	0.18799394220113755	0.8916666507720947	0.5309625625610351	0.824999988079071
253	0.181447338561217	0.9020833373069763	0.5503519068161646	0.7833333611488342
254	0.16706075966358186	0.9125000238418579	0.5719378670056661	0.824999988079071
255	0.1577965830763181	0.9104166626930237	0.5026376177867253	0.8333333134651184
256	0.14654916475216548	0.9354166388511658	0.49523937702178955	0.8500000238418579
257	0.18254488483071327	0.90625	0.5130917767683665	0.8333333134651184
258	0.18910695016384124	0.893750011920929	0.6096790691216787	0.800000011920929
259	0.16345117737849554	0.9125000238418579	0.5636299431324006	0.800000011920929
260	0.179545163611571	0.9104166626930237	0.5056028664112091	0.8333333134651184
261	0.18438428342342378	0.8895833492279053	0.5176776806513469	0.824999988079071
262	0.19507924516995748	0.8854166865348816	0.5272424757480622	0.8333333134651184
263	0.16776924083630243	0.9041666388511658	0.5689091861248017	0.824999988079071
264	0.20684473117192587	0.8958333134651184	0.5511072456836701	0.8500000238418579
265	0.14268655131260555	0.9312499761581421	0.5676569203535716	0.8416666388511658
266	0.16163843274116516	0.9208333492279053	0.5634227414925893	0.8333333134651184
267	0.1798309827844302	0.9020833373069763	0.6417541523774465	0.7916666865348816
268	0.1410848113397757	0.9270833134651184	0.5957769870758056	0.8166666626930237
269	0.20167416880528133	0.8999999761581421	0.4965562830368678	0.8333333134651184
270	0.1783718556165695	0.9020833373069763	0.516989063223203	0.8416666388511658
271	0.14613185835381348	0.9333333373069763	0.5875916461149852	0.800000011920929
272	0.16007436340053877	0.9041666388511658	0.521486351887385	0.8416666388511658
273	0.16274607206384342	0.9041666388511658	0.5712620119253794	0.8416666388511658
274	0.1765999138355255	0.9104166626930237	0.4913249264160792	0.8500000238418579
275	0.17609751919905345	0.9020833373069763	0.6326301952203115	0.7833333611488342
276	0.14812397969265778	0.9166666865348816	0.5666199624538422	0.7833333611488342
277	0.1816532293955485	0.9125000238418579	0.6004402180512746	0.800000011920929
278	0.1781182363629341	0.9041666388511658	0.5850270549456279	0.8083333373069763
279	0.1742194910844167	0.9104166626930237	0.5730608959992727	0.8083333373069763
280	0.1772098737458388	0.9041666388511658	0.5809219042460124	0.7666666507720947
281	0.1639086715877056	0.9041666388511658	0.5242670704921086	0.8166666626930237
282	0.16559714575608572	0.9020833373069763	0.5427354097366333	0.8166666626930237
283	0.15459441393613815	0.9125000238418579	0.5669285426537196	0.8166666626930237
284	0.21412323663632074	0.8854166865348816	0.7197835763295491	0.7333333492279053
285	0.19247564127047856	0.8854166865348816	0.5841574947039286	0.8333333134651184
286	0.20158762882153194	0.8895833492279053	0.6180508037408193	0.7749999761581421
287	0.18929790755112966	0.8854166865348816	0.5970737040042877	0.7749999761581421
288	0.18382763216892878	0.8958333134651184	0.48022748380899427	0.8583333492279053
289	0.17926128928860027	0.8916666507720947	0.5721487760543823	0.8416666388511658
290	0.19668398747841517	0.8958333134651184	0.6778649737437566	0.7916666865348816
291	0.1964736759662628	0.8833333253860474	0.5867190738519033	0.8333333134651184
292	0.14105896378556887	0.9291666746139526	0.5528340101242065	0.8333333134651184
293	0.14399489214022954	0.9208333492279053	0.5869643102089565	0.8416666388511658
294	0.1502045288681984	0.9166666865348816	0.5798407375812531	0.8083333373069763
295	0.15139077454805375	0.9166666865348816	0.6944011469682058	0.7666666507720947
296	0.15755258823434512	0.9166666865348816	0.5873215844233831	0.8333333134651184
297	0.17675593197345735	0.8895833492279053	0.714693683385849	0.7916666865348816
298	0.18456162984172503	0.8916666507720947	0.6194615970055263	0.8166666626930237
299	0.1641281761229038	0.9083333611488342	0.6723555823167165	0.800000011920929
300	0.19137465804815293	0.8833333253860474	0.7439965069293976	0.800000011920929
301	0.15115904609362285	0.9270833134651184	0.6545438349246979	0.8083333373069763
302	0.1968594955901305	0.8979166746139526	1.3542821248372396	0.675000011920929
303	0.18849378128846486	0.9041666388511658	0.9518168012301127	0.7333333492279053
304	0.1800305592517058	0.9125000238418579	0.6825889527797699	0.7583333253860474
305	0.18844828754663467	0.9041666388511658	0.6568110605080922	0.7833333611488342
306	0.16598140299320222	0.9104166626930237	0.7129134794076284	0.7916666865348816
307	0.16932964126269023	0.9041666388511658	0.7033624887466431	0.7666666507720947
308	0.19090712865193685	0.8812500238418579	0.82581574122111	0.7583333253860474
309	0.17969006150960923	0.893750011920929	0.6281623055537542	0.800000011920929
310	0.19779462565978367	0.8958333134651184	0.6979263146718343	0.7749999761581421
311	0.17312456046541533	0.9083333611488342	0.7150652289390564	0.7916666865348816
312	0.21797527074813844	0.856249988079071	0.8613941013813019	0.75
313	0.16618475168943406	0.918749988079071	0.820837777853012	0.75
314	0.1622242952386538	0.9041666388511658	0.9038015683492024	0.7250000238418579
315	0.2042799229423205	0.8895833492279053	0.6859564661979676	0.8166666626930237
316	0.18103608936071397	0.9020833373069763	0.6325565954049428	0.8166666626930237
317	0.16428238848845164	0.8979166746139526	0.637329692641894	0.800000011920929
318	0.16054389675458272	0.9125000238418579	0.6700464646021526	0.7833333611488342
319	0.19469955464204153	0.8791666626930237	0.6385114282369614	0.8333333134651184
320	0.1505126657585303	0.925000011920929	0.7109198272228241	0.7916666865348816
321	0.1642427209764719	0.9083333611488342	0.6377057383457819	0.800000011920929
322	0.16867655366659165	0.9041666388511658	0.6290798634290695	0.8166666626930237
323	0.22604235311349233	0.8791666626930237	0.5717007795969645	0.8416666388511658
324	0.17386021812756855	0.9125000238418579	0.5940934091806411	0.8333333134651184
325	0.16197889819741249	0.8999999761581421	0.6629697640736898	0.8083333373069763
326	0.15848838786284128	0.9125000238418579	0.6226267407337824	0.8333333134651184
327	0.18714053158958752	0.8958333134651184	0.7009813706080119	0.7833333611488342
328	0.1950145721435547	0.8979166746139526	0.6635364303986232	0.8083333373069763
329	0.14526017407576244	0.918749988079071	0.6046175688505173	0.8500000238418579
330	0.14946598062912622	0.9125000238418579	0.7288318872451782	0.7583333253860474
331	0.17670278226335842	0.90625	0.7766499817371368	0.7833333611488342
332	0.18693858583768208	0.9083333611488342	0.677301267782847	0.7833333611488342
333	0.18850234473745028	0.887499988079071	0.6435870945453643	0.8166666626930237
334	0.17876622527837754	0.8979166746139526	0.6534381190935771	0.7833333611488342
335	0.1835753281911214	0.887499988079071	0.7393333117167155	0.7583333253860474
336	0.17142234295606612	0.9125000238418579	0.8651244262854259	0.75
337	0.2107178141673406	0.893750011920929	0.5622042040030162	0.8166666626930237
338	0.20871597876151401	0.8979166746139526	0.6718039194742839	0.7916666865348816
339	0.22589649458726246	0.8770833611488342	0.7658899943033854	0.7833333611488342
340	0.17118391556044418	0.8999999761581421	0.913973593711853	0.6583333611488342
341	0.20709961156050363	0.8687499761581421	0.8353694438934326	0.7666666507720947
342	0.22328362464904786	0.8666666746139526	0.7147979398568471	0.8166666626930237
343	0.19189579064647358	0.8833333253860474	0.7593472103277842	0.7833333611488342
344	0.2096653367082278	0.9166666865348816	0.5690569301446279	0.800000011920929
345	0.20542957385381064	0.8999999761581421	0.6635790646076203	0.8166666626930237
346	0.18745906154314676	0.8979166746139526	0.6737142622470855	0.8333333134651184
347	0.19789119064807892	0.8791666626930237	0.7376530249913533	0.7833333611488342
348	0.1821021725734075	0.90625	0.6301385581493377	0.8083333373069763
349	0.16767579317092896	0.9104166626930237	0.5757089793682099	0.8166666626930237
350	0.18482361485560736	0.9041666388511658	0.6510658840338389	0.8166666626930237
351	0.20981334100166957	0.887499988079071	0.7017944018046062	0.7916666865348816
352	0.162669500336051	0.9125000238418579	0.6097542226314545	0.8166666626930237
353	0.1738355447848638	0.9125000238418579	0.7820512731870015	0.7916666865348816
354	0.17701242938637735	0.9020833373069763	0.5782030463218689	0.8166666626930237
355	0.17620431904991468	0.9166666865348816	0.5851877669493357	0.8083333373069763
356	0.18035335044066111	0.9041666388511658	0.769496738910675	0.7833333611488342
357	0.16356221934159595	0.9208333492279053	0.6629447937011719	0.7749999761581421
358	0.18795262177785238	0.8999999761581421	0.6258563896020254	0.8083333373069763
359	0.16943615774313608	0.9104166626930237	0.6327869733174641	0.800000011920929
360	0.1610485501587391	0.9083333611488342	0.5869739373524984	0.8083333373069763
361	0.1774396742383639	0.893750011920929	0.5241357654333114	0.8416666388511658
362	0.16347958743572236	0.9104166626930237	0.6793989817301432	0.7833333611488342
363	0.17762518674135208	0.9020833373069763	0.49842143058776855	0.8333333134651184
364	0.17767993037899335	0.9020833373069763	0.5669277836879094	0.824999988079071
365	0.19078577185670534	0.893750011920929	0.6625820457935333	0.8083333373069763
366	0.15567435771226884	0.9125000238418579	0.5686235328515371	0.8083333373069763
367	0.17932824393113453	0.9125000238418579	0.5183523952960968	0.8166666626930237
368	0.1863810434937477	0.8958333134651184	0.5171798169612885	0.8416666388511658
369	0.15270971978704134	0.9291666746139526	0.558035792907079	0.8333333134651184
370	0.14961399361491204	0.9145833253860474	0.5176294803619385	0.8500000238418579
371	0.16391941892604034	0.9125000238418579	0.5953939517339071	0.8166666626930237
372	0.18072428355614345	0.9041666388511658	0.6506907184918721	0.824999988079071
373	0.17512425283590952	0.90625	0.6964105327924093	0.7833333611488342
374	0.14417014718055726	0.9229166507720947	0.6020022809505463	0.800000011920929
375	0.1526217018564542	0.9208333492279053	0.6364059925079346	0.7749999761581421
376	0.18808795809745787	0.8708333373069763	0.5290370653072993	0.8333333134651184
377	0.16314733872811	0.9229166507720947	0.5687742292881012	0.824999988079071
378	0.21736663480599722	0.887499988079071	0.5963226675987243	0.8083333373069763
379	0.15958979626496633	0.8979166746139526	0.5388818661371867	0.824999988079071
380	0.15529919217030208	0.9145833253860474	0.47941162685553235	0.875
381	0.16716694136460622	0.90625	0.5848730564117431	0.8333333134651184
382	0.20907877782980602	0.8833333253860474	0.5025281051794688	0.8416666388511658
383	0.17004603991905848	0.9083333611488342	0.5428431848684947	0.8083333373069763
384	0.19221909840901694	0.8916666507720947	0.49283462166786196	0.8416666388511658
385	0.16099679172039033	0.9229166507720947	0.5098201175530751	0.8500000238418579
386	0.1957530692219734	0.9041666388511658	0.6022758464018504	0.8166666626930237
387	0.15075233926375706	0.8999999761581421	0.6928502202033997	0.7749999761581421
388	0.18161827474832534	0.90625	0.6387171139319737	0.8166666626930237
389	0.21131132245063783	0.887499988079071	0.6015436460574468	0.8166666626930237
390	0.21115245074033737	0.8687499761581421	0.6276442617177963	0.8333333134651184
391	0.18193406462669373	0.9020833373069763	0.6569572379191716	0.8416666388511658
392	0.17918307979901632	0.893750011920929	1.0546320915222167	0.7583333253860474
393	0.17457838157812755	0.887499988079071	1.0685966432094574	0.75
394	0.17006345440944035	0.9020833373069763	0.8376634101072947	0.800000011920929
395	0.18981394171714783	0.887499988079071	0.827788668870926	0.7916666865348816
396	0.1697812701265017	0.9208333492279053	0.8662435332934062	0.7916666865348816
397	0.16066849554578463	0.9229166507720947	0.6856303075949352	0.800000011920929
398	0.1446381280819575	0.9104166626930237	0.6955753664175669	0.8083333373069763
399	0.19638947596152623	0.8916666507720947	0.6805091778437297	0.7749999761581421
400	0.16466191286842027	0.9104166626930237	0.700707213083903	0.7916666865348816
401	0.15723880777756374	0.9166666865348816	0.7488989949226379	0.8333333134651184
402	0.17976849526166916	0.8916666507720947	0.5989469826221466	0.8083333373069763
403	0.1724973479906718	0.9104166626930237	0.8288500984509786	0.7416666746139526
404	0.2063733567794164	0.9041666388511658	0.9530166347821554	0.7333333492279053
405	0.19561007916927337	0.8833333253860474	0.8498275597890218	0.7666666507720947
406	0.18124033013979593	0.9020833373069763	1.0165496548016866	0.7749999761581421
407	0.2689392487208048	0.8645833134651184	1.432502599557241	0.699999988079071
408	0.2959875832001368	0.8645833134651184	1.0128871262073518	0.7666666507720947
409	0.2558300862709681	0.8541666865348816	1.03928196032842	0.7583333253860474
410	0.24705586731433868	0.8895833492279053	0.8686210652192433	0.7749999761581421
411	0.1694653292496999	0.8979166746139526	0.93048654794693	0.8083333373069763
412	0.19101537242531777	0.9041666388511658	0.8306792755921681	0.8083333373069763
413	0.2089422459403674	0.875	0.9093621571858724	0.75
414	0.18906171917915343	0.9020833373069763	1.0812436858812968	0.7749999761581421
415	0.2092771550019582	0.875	0.8121631820996602	0.8166666626930237
416	0.16408506507674853	0.8999999761581421	0.9652196248372396	0.7666666507720947
417	0.19938567131757737	0.8770833611488342	0.7475305656592052	0.8083333373069763
418	0.21913357079029083	0.8854166865348816	0.7200782318909963	0.800000011920929
419	0.22416782875855765	0.875	0.905967237552007	0.7916666865348816
420	0.19168445418278376	0.887499988079071	0.6843925217787424	0.800000011920929
421	0.15455355768402418	0.9145833253860474	0.6744457463423411	0.8083333373069763
422	0.18081646164258322	0.9041666388511658	0.7348112612962723	0.8333333134651184
423	0.16651655733585358	0.918749988079071	0.7078241388003031	0.824999988079071
424	0.17263531386852266	0.9041666388511658	0.6496550997098287	0.8500000238418579
425	0.13177214041352273	0.9437500238418579	0.5936430662870407	0.8583333492279053
426	0.14678138842185337	0.9166666865348816	0.6949662605921427	0.8416666388511658
427	0.1673543259501457	0.9104166626930237	0.5719373295704524	0.8583333492279053
428	0.20053450018167496	0.8916666507720947	0.5663330584764481	0.8666666746139526
429	0.15454514424006144	0.9125000238418579	0.589015323917071	0.8333333134651184
430	0.18043224439024924	0.9020833373069763	0.5916591266791026	0.824999988079071
431	0.18181967586278916	0.8958333134651184	0.6110850969950358	0.8166666626930237
432	0.1848680118719737	0.8958333134651184	0.7530757705370585	0.800000011920929
433	0.17208565175533294	0.9125000238418579	0.7269611676534017	0.7749999761581421
434	0.18527832080920537	0.8979166746139526	0.6765374362468719	0.8166666626930237
435	0.15648432026306788	0.9145833253860474	0.6489350299040476	0.824999988079071
436	0.1823922351002693	0.8958333134651184	0.5912803769111633	0.8166666626930237
437	0.19081552823384604	0.8916666507720947	0.6962626675764719	0.7749999761581421
438	0.18569227010011674	0.893750011920929	0.9711432655652364	0.75
439	0.1840586798886458	0.8979166746139526	0.7039663294951121	0.7666666507720947
440	0.15439541017015776	0.918749988079071	0.5882256925106049	0.800000011920929
441	0.17566198607285818	0.90625	0.5937538464864095	0.800000011920929
442	0.1670046384135882	0.90625	0.7127113501230876	0.8083333373069763
443	0.17841640065113704	0.9083333611488342	0.927050526936849	0.7916666865348816
444	0.19551512598991394	0.8812500238418579	0.6593423227469126	0.8083333373069763
445	0.15692818984389306	0.918749988079071	0.6576874415079753	0.800000011920929
446	0.17258530507485073	0.90625	0.6143404930830002	0.8500000238418579
447	0.16222882320483525	0.9104166626930237	0.5958798309167226	0.8333333134651184
448	0.17304356495539347	0.9145833253860474	0.5780515114466349	0.8416666388511658
449	0.17098523676395416	0.90625	0.6925491849581401	0.8166666626930237
450	0.17595554093519847	0.8958333134651184	0.6048287471135457	0.8166666626930237
451	0.20539020548264186	0.8854166865348816	0.6259789248307546	0.8166666626930237
452	0.1608103750894467	0.918749988079071	0.6556319097677866	0.800000011920929
453	0.17620526850223542	0.9041666388511658	0.7784415404001872	0.7916666865348816
454	0.15160230075319608	0.918749988079071	0.7361254334449768	0.8166666626930237
455	0.1875367025534312	0.8958333134651184	0.7175411999225616	0.7749999761581421
456	0.17885010043780009	0.9020833373069763	0.7259466826915741	0.8083333373069763
457	0.16569804201523464	0.8979166746139526	0.6525827328364054	0.8333333134651184
458	0.14752133438984552	0.9208333492279053	0.6690583686033885	0.8333333134651184
459	0.17385848462581635	0.8854166865348816	0.663690843184789	0.824999988079071
460	0.1787458837032318	0.9083333611488342	0.6340160359938939	0.8333333134651184
461	0.16104674289623896	0.9083333611488342	0.6132905781269073	0.824999988079071
462	0.1886962165435155	0.893750011920929	0.6912363310654958	0.8416666388511658
463	0.16829535067081453	0.9041666388511658	0.6267096320788066	0.8333333134651184
464	0.182094743847847	0.8812500238418579	0.7937056144078573	0.8083333373069763
465	0.21270964394013087	0.8958333134651184	0.6547413915395737	0.8333333134651184
466	0.1343650961915652	0.9145833253860474	0.7221993148326874	0.8416666388511658
467	0.14898637073735396	0.9270833134651184	0.6490711430708568	0.8333333134651184
468	0.15423407442867756	0.9166666865348816	0.6739032010237376	0.824999988079071
469	0.16427378257115682	0.9145833253860474	0.5952994187672933	0.8166666626930237
470	0.15841790015498797	0.9125000238418579	1.0506784478823343	0.800000011920929
471	0.18135564674933752	0.8999999761581421	0.6981492042541504	0.8333333134651184
472	0.17319516440232594	0.8999999761581421	0.633036932349205	0.8416666388511658
473	0.17030515521764755	0.9083333611488342	0.59904090265433	0.8333333134651184
474	0.170841017862161	0.8999999761581421	0.7216234763463338	0.800000011920929
475	0.146714170028766	0.918749988079071	0.6538520703713099	0.824999988079071
476	0.15825014971196652	0.918749988079071	0.6483259956041972	0.824999988079071
477	0.1544070656100909	0.918749988079071	0.6619287590185802	0.8416666388511658
478	0.15815332929293316	0.9125000238418579	0.630912697315216	0.8500000238418579
479	0.1584149910757939	0.9166666865348816	0.6273216823736827	0.8416666388511658
480	0.18065419246753056	0.918749988079071	0.6085648636023203	0.8166666626930237
481	0.16112167164683341	0.8999999761581421	0.7404444893201192	0.824999988079071
482	0.17152845909198125	0.8979166746139526	0.5876384268204371	0.824999988079071
483	0.16778459896643957	0.90625	0.5997141639391581	0.7916666865348816
484	0.1964650663236777	0.875	0.7843645771344503	0.8166666626930237
485	0.17195068250099818	0.9020833373069763	0.6616993288199107	0.8083333373069763
486	0.17679662754138312	0.8854166865348816	0.6958626409371694	0.800000011920929
487	0.18815570523341496	0.9041666388511658	0.768606173992157	0.7916666865348816
488	0.16661842068036398	0.90625	0.7114785114924113	0.800000011920929
489	0.16616451094547907	0.9125000238418579	0.7290611823399862	0.7916666865348816
490	0.1755030557513237	0.8979166746139526	0.6532013277212779	0.8083333373069763
491	0.1798573096593221	0.887499988079071	0.7171508729457855	0.824999988079071
492	0.15816980451345444	0.9083333611488342	0.5888539016246795	0.8083333373069763
493	0.19537343382835387	0.9125000238418579	0.5879526535669962	0.8083333373069763
494	0.1819765970110893	0.8791666626930237	0.6668002138535182	0.8333333134651184
495	0.15842896302541096	0.9041666388511658	0.6375475466251374	0.800000011920929
496	0.18458485479156175	0.9083333611488342	0.6872704704602559	0.8083333373069763
497	0.2190024584531784	0.8729166388511658	0.724510649840037	0.800000011920929
498	0.14809293175737062	0.9208333492279053	0.6430960814158122	0.8166666626930237
499	0.17285190771023431	0.9208333492279053	0.7302413046360016	0.8166666626930237
